   0.00305    0.01897    0.03524    0.15931
   0.00237    0.01920    0.03297    0.15819
   0.00239    0.01873    0.03406    0.15528
   0.00254    0.01779    0.03291    0.15660
   0.00267    0.01656    0.03319    0.15368
   0.00252    0.01522    0.03215    0.15734
   0.00263    0.01551    0.03272    0.15824
   0.00263    0.01499    0.03240    0.15743
   0.00237    0.01626    0.03325    0.15850
   0.00343    0.02324    0.03844    0.15732
   0.00263    0.01591    0.03245    0.15544
   0.00237    0.01550    0.03357    0.15557
