   0.15276    0.27423    0.32140    0.34612
   0.15525    0.27820    0.32070    0.34612
   0.15550    0.28402    0.32278    0.34612
   0.15901    0.28701    0.32447    0.34612
   0.16515    0.28916    0.32616    0.34612
   0.16652    0.29088    0.32629    0.34612
   0.16336    0.28930    0.32604    0.34612
   0.16709    0.29046    0.32612    0.34612
   0.16639    0.28913    0.32481    0.34612
   0.14856    0.27721    0.31826    0.34612
   0.16497    0.28896    0.32565    0.34612
   0.16271    0.29044    0.32562    0.34612
