   0.15951    0.28353    0.32459    0.34612
   0.15737    0.28849    0.32588    0.34612
   0.16292    0.28838    0.32666    0.34612
   0.16106    0.28821    0.32728    0.34612
   0.16415    0.28959    0.32749    0.34612
   0.16409    0.28809    0.32732    0.34612
   0.16378    0.29013    0.32535    0.34612
   0.16564    0.28984    0.32673    0.34612
   0.16610    0.29163    0.32667    0.34612
   0.15540    0.27754    0.31972    0.34612
   0.16730    0.29123    0.32812    0.34612
   0.16372    0.29083    0.32629    0.34612
